stage01 10 2000 460 5000 210 1350 0
stage02 10 2000 260 5000 180 1260 0 
stage03 10 2000 -100 7000 180 1260 0
stage04 10 2000 260 5000 180 1170 0
stage05 10 2000 260 5000 180 1080 0
stage06 10 2000 -100 7000 180 1080 0
stage07 10 2000 200 4500 150 1000 0
stage08 10 2000 200 4500 150 1000 0
stage09 10 2000 -100 6500 150 1000 0
stage10 10 2000 200 4500 150 920 0
stage11 10 2000 200 4500 150 920 0
stage12 10 2000 -100 6500 150 920 0
stage13 10 1500 140 4500 150 920 0
stage14 10 1500 140 4500 150 920 0
stage15 10 1500 -100 6000 150 920 0
stage16 10 1500 140 4500 120 720 0
stage17 10 1500 140 4500 120 720 0
stage18 10 1500 -100 6000 120 720 0
stage19 10 1000 80 4000 120 720 0
stage20 10 1000 80 4000 120 720 0
stage21 10 1000 80 4000 120 720 0
stage22 10 1000 80 4000 90 720 0
stage23 10 1000 80 7000 90 720 0
stage24 10 1000 80 5000 90 720 0